Top 60 Sort By Count
Count    Total     Mean   Stddev     Min   P50.0   P99.0   P99.9     Max   2xx  3xx  4xx  5xx  TotalBytes   MinBytes  MeanBytes   MaxBytes  Request
 1322  340.841   0.2578   0.3972   0.000   0.126   1.729   2.897   3.044   919    0  271  132     1390345          0       1051       3422  POST /login HTTP/1.1
 1300   47.072   0.0362   0.0488   0.000   0.016   0.231   0.295   0.342  1298    0    0    2     5670156         31       4361      12865  GET /user/<num>/present/index/<num> HTTP/1.1
 1297  422.441   0.3257   0.3167   0.000   0.243   1.461   2.159   2.342  1280    0   17    0     6292633          0       4851      14425  POST /user/<num>/present/receive HTTP/1.1
 1124   13.527   0.0120   0.0173   0.000   0.005   0.081   0.162   0.164  1104    0   20    0      421371          0        374        393  GET /user/<num>/home HTTP/1.1
 1091   59.347   0.0544   0.0999   0.000   0.031   0.458   1.301   1.558  1085    0    5    1     9403094          0       8618       8677  GET /user/<num>/gacha/index HTTP/1.1
 1087  261.797   0.2408   0.3154   0.000   0.139   1.769   1.957   2.131  1068    0   16    3     2118612          0       1949       1995  POST /user/<num>/gacha/draw/<num>/10 HTTP/1.1
  900   16.588   0.0184   0.0234   0.001   0.009   0.106   0.165   0.165   899    0    1    0      193529          0        215        217  POST /user/<num>/reward HTTP/1.1
  291  179.385   0.6164   1.0743   0.000   0.053   4.463   4.567   4.567   206    0    1   84     1389098          0       4773       6789  POST /user HTTP/1.1
  192    4.253   0.0222   0.0303   0.000   0.007   0.160   0.162   0.162   191    0    0    1      269737        186       1404       5530  GET /user/<num>/item HTTP/1.1
  192    5.406   0.0282   0.0407   0.002   0.008   0.217   0.222   0.222   191    0    1    0       58395         46        304        330  POST /user/<num>/card/addexp/<num> HTTP/1.1
  191    4.242   0.0222   0.0319   0.001   0.007   0.176   0.224   0.224   191    0    0    0       33639        176        176        199  POST /user/<num>/card HTTP/1.1
    4    0.345   0.0862   0.0565   0.001   0.094   0.160   0.160   0.160     2    0    2    0         419         47        104        161  POST /admin/login HTTP/1.1
    1    0.007   0.0070   0.0000   0.007   0.007   0.007   0.007   0.007     1    0    0    0          58         58         58         58  PUT /admin/master HTTP/1.1
    1   19.237  19.2370   0.0000  19.237  19.237  19.237  19.237  19.237     1    0    0    0          18         18         18         18  POST /initialize HTTP/1.1
    1    0.001   0.0010   0.0000   0.001   0.001   0.001   0.001   0.001     1    0    0    0           0          0          0          0  DELETE /admin/logout HTTP/1.1
    1    0.005   0.0050   0.0000   0.005   0.005   0.005   0.005   0.005     1    0    0    0      118555     118555     118555     118555  GET /admin/master HTTP/1.1
    1    0.087   0.0870   0.0000   0.087   0.087   0.087   0.087   0.087     1    0    0    0       41258      41258      41258      41258  GET /admin/user/<num> HTTP/1.1
    1    0.001   0.0010   0.0000   0.001   0.001   0.001   0.001   0.001     1    0    0    0         178        178        178        178  POST /admin/user/<num>/ban HTTP/1.1

Top 60 Sort By Total
Count    Total     Mean   Stddev     Min   P50.0   P99.0   P99.9     Max   2xx  3xx  4xx  5xx  TotalBytes   MinBytes  MeanBytes   MaxBytes  Request
 1297  422.441   0.3257   0.3167   0.000   0.243   1.461   2.159   2.342  1280    0   17    0     6292633          0       4851      14425  POST /user/<num>/present/receive HTTP/1.1
 1322  340.841   0.2578   0.3972   0.000   0.126   1.729   2.897   3.044   919    0  271  132     1390345          0       1051       3422  POST /login HTTP/1.1
 1087  261.797   0.2408   0.3154   0.000   0.139   1.769   1.957   2.131  1068    0   16    3     2118612          0       1949       1995  POST /user/<num>/gacha/draw/<num>/10 HTTP/1.1
  291  179.385   0.6164   1.0743   0.000   0.053   4.463   4.567   4.567   206    0    1   84     1389098          0       4773       6789  POST /user HTTP/1.1
 1091   59.347   0.0544   0.0999   0.000   0.031   0.458   1.301   1.558  1085    0    5    1     9403094          0       8618       8677  GET /user/<num>/gacha/index HTTP/1.1
 1300   47.072   0.0362   0.0488   0.000   0.016   0.231   0.295   0.342  1298    0    0    2     5670156         31       4361      12865  GET /user/<num>/present/index/<num> HTTP/1.1
    1   19.237  19.2370   0.0000  19.237  19.237  19.237  19.237  19.237     1    0    0    0          18         18         18         18  POST /initialize HTTP/1.1
  900   16.588   0.0184   0.0234   0.001   0.009   0.106   0.165   0.165   899    0    1    0      193529          0        215        217  POST /user/<num>/reward HTTP/1.1
 1124   13.527   0.0120   0.0173   0.000   0.005   0.081   0.162   0.164  1104    0   20    0      421371          0        374        393  GET /user/<num>/home HTTP/1.1
  192    5.406   0.0282   0.0407   0.002   0.008   0.217   0.222   0.222   191    0    1    0       58395         46        304        330  POST /user/<num>/card/addexp/<num> HTTP/1.1
  192    4.253   0.0222   0.0303   0.000   0.007   0.160   0.162   0.162   191    0    0    1      269737        186       1404       5530  GET /user/<num>/item HTTP/1.1
  191    4.242   0.0222   0.0319   0.001   0.007   0.176   0.224   0.224   191    0    0    0       33639        176        176        199  POST /user/<num>/card HTTP/1.1
    4    0.345   0.0862   0.0565   0.001   0.094   0.160   0.160   0.160     2    0    2    0         419         47        104        161  POST /admin/login HTTP/1.1
    1    0.087   0.0870   0.0000   0.087   0.087   0.087   0.087   0.087     1    0    0    0       41258      41258      41258      41258  GET /admin/user/<num> HTTP/1.1
    1    0.007   0.0070   0.0000   0.007   0.007   0.007   0.007   0.007     1    0    0    0          58         58         58         58  PUT /admin/master HTTP/1.1
    1    0.005   0.0050   0.0000   0.005   0.005   0.005   0.005   0.005     1    0    0    0      118555     118555     118555     118555  GET /admin/master HTTP/1.1
    1    0.001   0.0010   0.0000   0.001   0.001   0.001   0.001   0.001     1    0    0    0           0          0          0          0  DELETE /admin/logout HTTP/1.1
    1    0.001   0.0010   0.0000   0.001   0.001   0.001   0.001   0.001     1    0    0    0         178        178        178        178  POST /admin/user/<num>/ban HTTP/1.1

Top 60 Sort By Mean
Count    Total     Mean   Stddev     Min   P50.0   P99.0   P99.9     Max   2xx  3xx  4xx  5xx  TotalBytes   MinBytes  MeanBytes   MaxBytes  Request
    1   19.237  19.2370   0.0000  19.237  19.237  19.237  19.237  19.237     1    0    0    0          18         18         18         18  POST /initialize HTTP/1.1
  291  179.385   0.6164   1.0743   0.000   0.053   4.463   4.567   4.567   206    0    1   84     1389098          0       4773       6789  POST /user HTTP/1.1
 1297  422.441   0.3257   0.3167   0.000   0.243   1.461   2.159   2.342  1280    0   17    0     6292633          0       4851      14425  POST /user/<num>/present/receive HTTP/1.1
 1322  340.841   0.2578   0.3972   0.000   0.126   1.729   2.897   3.044   919    0  271  132     1390345          0       1051       3422  POST /login HTTP/1.1
 1087  261.797   0.2408   0.3154   0.000   0.139   1.769   1.957   2.131  1068    0   16    3     2118612          0       1949       1995  POST /user/<num>/gacha/draw/<num>/10 HTTP/1.1
    1    0.087   0.0870   0.0000   0.087   0.087   0.087   0.087   0.087     1    0    0    0       41258      41258      41258      41258  GET /admin/user/<num> HTTP/1.1
    4    0.345   0.0862   0.0565   0.001   0.094   0.160   0.160   0.160     2    0    2    0         419         47        104        161  POST /admin/login HTTP/1.1
 1091   59.347   0.0544   0.0999   0.000   0.031   0.458   1.301   1.558  1085    0    5    1     9403094          0       8618       8677  GET /user/<num>/gacha/index HTTP/1.1
 1300   47.072   0.0362   0.0488   0.000   0.016   0.231   0.295   0.342  1298    0    0    2     5670156         31       4361      12865  GET /user/<num>/present/index/<num> HTTP/1.1
  192    5.406   0.0282   0.0407   0.002   0.008   0.217   0.222   0.222   191    0    1    0       58395         46        304        330  POST /user/<num>/card/addexp/<num> HTTP/1.1
  191    4.242   0.0222   0.0319   0.001   0.007   0.176   0.224   0.224   191    0    0    0       33639        176        176        199  POST /user/<num>/card HTTP/1.1
  192    4.253   0.0222   0.0303   0.000   0.007   0.160   0.162   0.162   191    0    0    1      269737        186       1404       5530  GET /user/<num>/item HTTP/1.1
  900   16.588   0.0184   0.0234   0.001   0.009   0.106   0.165   0.165   899    0    1    0      193529          0        215        217  POST /user/<num>/reward HTTP/1.1
 1124   13.527   0.0120   0.0173   0.000   0.005   0.081   0.162   0.164  1104    0   20    0      421371          0        374        393  GET /user/<num>/home HTTP/1.1
    1    0.007   0.0070   0.0000   0.007   0.007   0.007   0.007   0.007     1    0    0    0          58         58         58         58  PUT /admin/master HTTP/1.1
    1    0.005   0.0050   0.0000   0.005   0.005   0.005   0.005   0.005     1    0    0    0      118555     118555     118555     118555  GET /admin/master HTTP/1.1
    1    0.001   0.0010   0.0000   0.001   0.001   0.001   0.001   0.001     1    0    0    0           0          0          0          0  DELETE /admin/logout HTTP/1.1
    1    0.001   0.0010   0.0000   0.001   0.001   0.001   0.001   0.001     1    0    0    0         178        178        178        178  POST /admin/user/<num>/ban HTTP/1.1

Top 60 Sort By Standard Deviation
Count    Total     Mean   Stddev     Min   P50.0   P99.0   P99.9     Max   2xx  3xx  4xx  5xx  TotalBytes   MinBytes  MeanBytes   MaxBytes  Request
  291  179.385   0.6164   1.0743   0.000   0.053   4.463   4.567   4.567   206    0    1   84     1389098          0       4773       6789  POST /user HTTP/1.1
 1322  340.841   0.2578   0.3972   0.000   0.126   1.729   2.897   3.044   919    0  271  132     1390345          0       1051       3422  POST /login HTTP/1.1
 1297  422.441   0.3257   0.3167   0.000   0.243   1.461   2.159   2.342  1280    0   17    0     6292633          0       4851      14425  POST /user/<num>/present/receive HTTP/1.1
 1087  261.797   0.2408   0.3154   0.000   0.139   1.769   1.957   2.131  1068    0   16    3     2118612          0       1949       1995  POST /user/<num>/gacha/draw/<num>/10 HTTP/1.1
 1091   59.347   0.0544   0.0999   0.000   0.031   0.458   1.301   1.558  1085    0    5    1     9403094          0       8618       8677  GET /user/<num>/gacha/index HTTP/1.1
    4    0.345   0.0862   0.0565   0.001   0.094   0.160   0.160   0.160     2    0    2    0         419         47        104        161  POST /admin/login HTTP/1.1
 1300   47.072   0.0362   0.0488   0.000   0.016   0.231   0.295   0.342  1298    0    0    2     5670156         31       4361      12865  GET /user/<num>/present/index/<num> HTTP/1.1
  192    5.406   0.0282   0.0407   0.002   0.008   0.217   0.222   0.222   191    0    1    0       58395         46        304        330  POST /user/<num>/card/addexp/<num> HTTP/1.1
  191    4.242   0.0222   0.0319   0.001   0.007   0.176   0.224   0.224   191    0    0    0       33639        176        176        199  POST /user/<num>/card HTTP/1.1
  192    4.253   0.0222   0.0303   0.000   0.007   0.160   0.162   0.162   191    0    0    1      269737        186       1404       5530  GET /user/<num>/item HTTP/1.1
  900   16.588   0.0184   0.0234   0.001   0.009   0.106   0.165   0.165   899    0    1    0      193529          0        215        217  POST /user/<num>/reward HTTP/1.1
 1124   13.527   0.0120   0.0173   0.000   0.005   0.081   0.162   0.164  1104    0   20    0      421371          0        374        393  GET /user/<num>/home HTTP/1.1
    1    0.087   0.0870   0.0000   0.087   0.087   0.087   0.087   0.087     1    0    0    0       41258      41258      41258      41258  GET /admin/user/<num> HTTP/1.1
    1   19.237  19.2370   0.0000  19.237  19.237  19.237  19.237  19.237     1    0    0    0          18         18         18         18  POST /initialize HTTP/1.1
    1    0.007   0.0070   0.0000   0.007   0.007   0.007   0.007   0.007     1    0    0    0          58         58         58         58  PUT /admin/master HTTP/1.1
    1    0.005   0.0050   0.0000   0.005   0.005   0.005   0.005   0.005     1    0    0    0      118555     118555     118555     118555  GET /admin/master HTTP/1.1
    1    0.001   0.0010   0.0000   0.001   0.001   0.001   0.001   0.001     1    0    0    0           0          0          0          0  DELETE /admin/logout HTTP/1.1
    1    0.001   0.0010   0.0000   0.001   0.001   0.001   0.001   0.001     1    0    0    0         178        178        178        178  POST /admin/user/<num>/ban HTTP/1.1

Top 60 Sort By Maximum(100 Percentile)
Count    Total     Mean   Stddev     Min   P50.0   P99.0   P99.9     Max   2xx  3xx  4xx  5xx  TotalBytes   MinBytes  MeanBytes   MaxBytes  Request
    1   19.237  19.2370   0.0000  19.237  19.237  19.237  19.237  19.237     1    0    0    0          18         18         18         18  POST /initialize HTTP/1.1
  291  179.385   0.6164   1.0743   0.000   0.053   4.463   4.567   4.567   206    0    1   84     1389098          0       4773       6789  POST /user HTTP/1.1
 1322  340.841   0.2578   0.3972   0.000   0.126   1.729   2.897   3.044   919    0  271  132     1390345          0       1051       3422  POST /login HTTP/1.1
 1297  422.441   0.3257   0.3167   0.000   0.243   1.461   2.159   2.342  1280    0   17    0     6292633          0       4851      14425  POST /user/<num>/present/receive HTTP/1.1
 1087  261.797   0.2408   0.3154   0.000   0.139   1.769   1.957   2.131  1068    0   16    3     2118612          0       1949       1995  POST /user/<num>/gacha/draw/<num>/10 HTTP/1.1
 1091   59.347   0.0544   0.0999   0.000   0.031   0.458   1.301   1.558  1085    0    5    1     9403094          0       8618       8677  GET /user/<num>/gacha/index HTTP/1.1
 1300   47.072   0.0362   0.0488   0.000   0.016   0.231   0.295   0.342  1298    0    0    2     5670156         31       4361      12865  GET /user/<num>/present/index/<num> HTTP/1.1
  191    4.242   0.0222   0.0319   0.001   0.007   0.176   0.224   0.224   191    0    0    0       33639        176        176        199  POST /user/<num>/card HTTP/1.1
  192    5.406   0.0282   0.0407   0.002   0.008   0.217   0.222   0.222   191    0    1    0       58395         46        304        330  POST /user/<num>/card/addexp/<num> HTTP/1.1
  900   16.588   0.0184   0.0234   0.001   0.009   0.106   0.165   0.165   899    0    1    0      193529          0        215        217  POST /user/<num>/reward HTTP/1.1
 1124   13.527   0.0120   0.0173   0.000   0.005   0.081   0.162   0.164  1104    0   20    0      421371          0        374        393  GET /user/<num>/home HTTP/1.1
  192    4.253   0.0222   0.0303   0.000   0.007   0.160   0.162   0.162   191    0    0    1      269737        186       1404       5530  GET /user/<num>/item HTTP/1.1
    4    0.345   0.0862   0.0565   0.001   0.094   0.160   0.160   0.160     2    0    2    0         419         47        104        161  POST /admin/login HTTP/1.1
    1    0.087   0.0870   0.0000   0.087   0.087   0.087   0.087   0.087     1    0    0    0       41258      41258      41258      41258  GET /admin/user/<num> HTTP/1.1
    1    0.007   0.0070   0.0000   0.007   0.007   0.007   0.007   0.007     1    0    0    0          58         58         58         58  PUT /admin/master HTTP/1.1
    1    0.005   0.0050   0.0000   0.005   0.005   0.005   0.005   0.005     1    0    0    0      118555     118555     118555     118555  GET /admin/master HTTP/1.1
    1    0.001   0.0010   0.0000   0.001   0.001   0.001   0.001   0.001     1    0    0    0           0          0          0          0  DELETE /admin/logout HTTP/1.1
    1    0.001   0.0010   0.0000   0.001   0.001   0.001   0.001   0.001     1    0    0    0         178        178        178        178  POST /admin/user/<num>/ban HTTP/1.1

TOP 37 Slow Requests
 1  19.237  POST /initialize HTTP/1.1
 2   4.567  POST /user HTTP/1.1
 3   4.466  POST /user HTTP/1.1
 4   4.463  POST /user HTTP/1.1
 5   4.415  POST /user HTTP/1.1
 6   4.341  POST /user HTTP/1.1
 7   4.323  POST /user HTTP/1.1
 8   4.243  POST /user HTTP/1.1
 9   4.209  POST /user HTTP/1.1
10   3.998  POST /user HTTP/1.1
11   3.841  POST /user HTTP/1.1
12   3.293  POST /user HTTP/1.1
13   3.061  POST /user HTTP/1.1
14   3.044  POST /login HTTP/1.1
15   3.029  POST /user HTTP/1.1
16   3.016  POST /user HTTP/1.1
17   3.013  POST /user HTTP/1.1
18   3.012  POST /user HTTP/1.1
19   2.986  POST /user HTTP/1.1
20   2.982  POST /user HTTP/1.1
21   2.981  POST /user HTTP/1.1
22   2.968  POST /user HTTP/1.1
23   2.902  POST /user HTTP/1.1
24   2.899  POST /user HTTP/1.1
25   2.897  POST /login HTTP/1.1
26   2.851  POST /login HTTP/1.1
27   2.843  POST /user HTTP/1.1
28   2.837  POST /login HTTP/1.1
29   2.822  POST /login HTTP/1.1
30   2.816  POST /login HTTP/1.1
31   2.793  POST /login HTTP/1.1
32   2.782  POST /user HTTP/1.1
33   2.706  POST /user HTTP/1.1
34   2.647  POST /user HTTP/1.1
35   2.550  POST /user HTTP/1.1
36   2.482  POST /user HTTP/1.1
37   2.413  POST /user HTTP/1.1
