Top 60 Sort By Count
Count     Total     Mean   Stddev     Min   P50.0   P99.0   P99.9     Max   2xx  3xx  4xx  5xx  TotalBytes   MinBytes  MeanBytes   MaxBytes  Request
 3475   338.193   0.0973   0.1313   0.001   0.042   0.590   0.835   0.986  3465    0   10    0    15591936          0       4486      13739  GET /user/<num>/present/index/<num> HTTP/1.1
 3463  1154.493   0.3334   0.3474   0.002   0.227   1.505   2.070   2.236  3417    0   46    0    17170313          0       4958      15390  POST /user/<num>/present/receive HTTP/1.1
 2757    60.855   0.0221   0.0325   0.000   0.011   0.170   0.320   0.348  2748    0    9    0     1068701          0        387        393  GET /user/<num>/home HTTP/1.1
 2690   113.264   0.0421   0.0593   0.000   0.022   0.295   0.562   0.699  2676    0   14    0    23183781          0       8618       8677  GET /user/<num>/gacha/index HTTP/1.1
 2677   393.301   0.1469   0.1786   0.001   0.080   0.781   1.119   1.263  2654    0   23    0     5519992          0       2062       2097  POST /user/<num>/gacha/draw/<num>/10 HTTP/1.1
 2665   604.991   0.2270   0.2727   0.000   0.123   1.212   1.520   1.753  1990    0  675    0     3005485          0       1127       3527  POST /login HTTP/1.1
 1985    62.387   0.0314   0.0447   0.001   0.017   0.219   0.468   0.636  1982    0    3    0      426703          0        214        217  POST /user/<num>/reward HTTP/1.1
  784   501.863   0.6401   0.6194   0.011   0.433   2.052   3.201   3.201   767    0   17    0     5555810          0       7086       7328  POST /user HTTP/1.1
  728    46.453   0.0638   0.0800   0.001   0.037   0.387   0.489   0.489   726    0    2    0      241142          0        331        336  POST /user/<num>/card/addexp/<num> HTTP/1.1
  728    22.438   0.0308   0.0430   0.001   0.015   0.211   0.345   0.345   727    0    1    0     1109442         55       1523       5148  GET /user/<num>/item HTTP/1.1
  726    22.248   0.0306   0.0439   0.001   0.017   0.217   0.372   0.372   726    0    0    0      153180        205        210        211  POST /user/<num>/card HTTP/1.1
    4     0.317   0.0793   0.0461   0.001   0.104   0.119   0.119   0.119     2    0    2    0         433         47        108        168  POST /admin/login HTTP/1.1
    1     0.000   0.0000   0.0000   0.000   0.000   0.000   0.000   0.000     1    0    0    0         178        178        178        178  POST /admin/user/<num>/ban HTTP/1.1
    1     0.084   0.0840   0.0000   0.084   0.084   0.084   0.084   0.084     1    0    0    0       40718      40718      40718      40718  GET /admin/user/<num> HTTP/1.1
    1    20.551  20.5510   0.0000  20.551  20.551  20.551  20.551  20.551     1    0    0    0          18         18         18         18  POST /initialize HTTP/1.1
    1     0.005   0.0050   0.0000   0.005   0.005   0.005   0.005   0.005     1    0    0    0      118533     118533     118533     118533  GET /admin/master HTTP/1.1
    1     0.003   0.0030   0.0000   0.003   0.003   0.003   0.003   0.003     1    0    0    0          58         58         58         58  PUT /admin/master HTTP/1.1
    1     0.011   0.0110   0.0000   0.011   0.011   0.011   0.011   0.011     1    0    0    0           0          0          0          0  DELETE /admin/logout HTTP/1.1

Top 60 Sort By Total
Count     Total     Mean   Stddev     Min   P50.0   P99.0   P99.9     Max   2xx  3xx  4xx  5xx  TotalBytes   MinBytes  MeanBytes   MaxBytes  Request
 3463  1154.493   0.3334   0.3474   0.002   0.227   1.505   2.070   2.236  3417    0   46    0    17170313          0       4958      15390  POST /user/<num>/present/receive HTTP/1.1
 2665   604.991   0.2270   0.2727   0.000   0.123   1.212   1.520   1.753  1990    0  675    0     3005485          0       1127       3527  POST /login HTTP/1.1
  784   501.863   0.6401   0.6194   0.011   0.433   2.052   3.201   3.201   767    0   17    0     5555810          0       7086       7328  POST /user HTTP/1.1
 2677   393.301   0.1469   0.1786   0.001   0.080   0.781   1.119   1.263  2654    0   23    0     5519992          0       2062       2097  POST /user/<num>/gacha/draw/<num>/10 HTTP/1.1
 3475   338.193   0.0973   0.1313   0.001   0.042   0.590   0.835   0.986  3465    0   10    0    15591936          0       4486      13739  GET /user/<num>/present/index/<num> HTTP/1.1
 2690   113.264   0.0421   0.0593   0.000   0.022   0.295   0.562   0.699  2676    0   14    0    23183781          0       8618       8677  GET /user/<num>/gacha/index HTTP/1.1
 1985    62.387   0.0314   0.0447   0.001   0.017   0.219   0.468   0.636  1982    0    3    0      426703          0        214        217  POST /user/<num>/reward HTTP/1.1
 2757    60.855   0.0221   0.0325   0.000   0.011   0.170   0.320   0.348  2748    0    9    0     1068701          0        387        393  GET /user/<num>/home HTTP/1.1
  728    46.453   0.0638   0.0800   0.001   0.037   0.387   0.489   0.489   726    0    2    0      241142          0        331        336  POST /user/<num>/card/addexp/<num> HTTP/1.1
  728    22.438   0.0308   0.0430   0.001   0.015   0.211   0.345   0.345   727    0    1    0     1109442         55       1523       5148  GET /user/<num>/item HTTP/1.1
  726    22.248   0.0306   0.0439   0.001   0.017   0.217   0.372   0.372   726    0    0    0      153180        205        210        211  POST /user/<num>/card HTTP/1.1
    1    20.551  20.5510   0.0000  20.551  20.551  20.551  20.551  20.551     1    0    0    0          18         18         18         18  POST /initialize HTTP/1.1
    4     0.317   0.0793   0.0461   0.001   0.104   0.119   0.119   0.119     2    0    2    0         433         47        108        168  POST /admin/login HTTP/1.1
    1     0.084   0.0840   0.0000   0.084   0.084   0.084   0.084   0.084     1    0    0    0       40718      40718      40718      40718  GET /admin/user/<num> HTTP/1.1
    1     0.011   0.0110   0.0000   0.011   0.011   0.011   0.011   0.011     1    0    0    0           0          0          0          0  DELETE /admin/logout HTTP/1.1
    1     0.005   0.0050   0.0000   0.005   0.005   0.005   0.005   0.005     1    0    0    0      118533     118533     118533     118533  GET /admin/master HTTP/1.1
    1     0.003   0.0030   0.0000   0.003   0.003   0.003   0.003   0.003     1    0    0    0          58         58         58         58  PUT /admin/master HTTP/1.1
    1     0.000   0.0000   0.0000   0.000   0.000   0.000   0.000   0.000     1    0    0    0         178        178        178        178  POST /admin/user/<num>/ban HTTP/1.1

Top 60 Sort By Mean
Count     Total     Mean   Stddev     Min   P50.0   P99.0   P99.9     Max   2xx  3xx  4xx  5xx  TotalBytes   MinBytes  MeanBytes   MaxBytes  Request
    1    20.551  20.5510   0.0000  20.551  20.551  20.551  20.551  20.551     1    0    0    0          18         18         18         18  POST /initialize HTTP/1.1
  784   501.863   0.6401   0.6194   0.011   0.433   2.052   3.201   3.201   767    0   17    0     5555810          0       7086       7328  POST /user HTTP/1.1
 3463  1154.493   0.3334   0.3474   0.002   0.227   1.505   2.070   2.236  3417    0   46    0    17170313          0       4958      15390  POST /user/<num>/present/receive HTTP/1.1
 2665   604.991   0.2270   0.2727   0.000   0.123   1.212   1.520   1.753  1990    0  675    0     3005485          0       1127       3527  POST /login HTTP/1.1
 2677   393.301   0.1469   0.1786   0.001   0.080   0.781   1.119   1.263  2654    0   23    0     5519992          0       2062       2097  POST /user/<num>/gacha/draw/<num>/10 HTTP/1.1
 3475   338.193   0.0973   0.1313   0.001   0.042   0.590   0.835   0.986  3465    0   10    0    15591936          0       4486      13739  GET /user/<num>/present/index/<num> HTTP/1.1
    1     0.084   0.0840   0.0000   0.084   0.084   0.084   0.084   0.084     1    0    0    0       40718      40718      40718      40718  GET /admin/user/<num> HTTP/1.1
    4     0.317   0.0793   0.0461   0.001   0.104   0.119   0.119   0.119     2    0    2    0         433         47        108        168  POST /admin/login HTTP/1.1
  728    46.453   0.0638   0.0800   0.001   0.037   0.387   0.489   0.489   726    0    2    0      241142          0        331        336  POST /user/<num>/card/addexp/<num> HTTP/1.1
 2690   113.264   0.0421   0.0593   0.000   0.022   0.295   0.562   0.699  2676    0   14    0    23183781          0       8618       8677  GET /user/<num>/gacha/index HTTP/1.1
 1985    62.387   0.0314   0.0447   0.001   0.017   0.219   0.468   0.636  1982    0    3    0      426703          0        214        217  POST /user/<num>/reward HTTP/1.1
  728    22.438   0.0308   0.0430   0.001   0.015   0.211   0.345   0.345   727    0    1    0     1109442         55       1523       5148  GET /user/<num>/item HTTP/1.1
  726    22.248   0.0306   0.0439   0.001   0.017   0.217   0.372   0.372   726    0    0    0      153180        205        210        211  POST /user/<num>/card HTTP/1.1
 2757    60.855   0.0221   0.0325   0.000   0.011   0.170   0.320   0.348  2748    0    9    0     1068701          0        387        393  GET /user/<num>/home HTTP/1.1
    1     0.011   0.0110   0.0000   0.011   0.011   0.011   0.011   0.011     1    0    0    0           0          0          0          0  DELETE /admin/logout HTTP/1.1
    1     0.005   0.0050   0.0000   0.005   0.005   0.005   0.005   0.005     1    0    0    0      118533     118533     118533     118533  GET /admin/master HTTP/1.1
    1     0.003   0.0030   0.0000   0.003   0.003   0.003   0.003   0.003     1    0    0    0          58         58         58         58  PUT /admin/master HTTP/1.1
    1     0.000   0.0000   0.0000   0.000   0.000   0.000   0.000   0.000     1    0    0    0         178        178        178        178  POST /admin/user/<num>/ban HTTP/1.1

Top 60 Sort By Standard Deviation
Count     Total     Mean   Stddev     Min   P50.0   P99.0   P99.9     Max   2xx  3xx  4xx  5xx  TotalBytes   MinBytes  MeanBytes   MaxBytes  Request
  784   501.863   0.6401   0.6194   0.011   0.433   2.052   3.201   3.201   767    0   17    0     5555810          0       7086       7328  POST /user HTTP/1.1
 3463  1154.493   0.3334   0.3474   0.002   0.227   1.505   2.070   2.236  3417    0   46    0    17170313          0       4958      15390  POST /user/<num>/present/receive HTTP/1.1
 2665   604.991   0.2270   0.2727   0.000   0.123   1.212   1.520   1.753  1990    0  675    0     3005485          0       1127       3527  POST /login HTTP/1.1
 2677   393.301   0.1469   0.1786   0.001   0.080   0.781   1.119   1.263  2654    0   23    0     5519992          0       2062       2097  POST /user/<num>/gacha/draw/<num>/10 HTTP/1.1
 3475   338.193   0.0973   0.1313   0.001   0.042   0.590   0.835   0.986  3465    0   10    0    15591936          0       4486      13739  GET /user/<num>/present/index/<num> HTTP/1.1
  728    46.453   0.0638   0.0800   0.001   0.037   0.387   0.489   0.489   726    0    2    0      241142          0        331        336  POST /user/<num>/card/addexp/<num> HTTP/1.1
 2690   113.264   0.0421   0.0593   0.000   0.022   0.295   0.562   0.699  2676    0   14    0    23183781          0       8618       8677  GET /user/<num>/gacha/index HTTP/1.1
    4     0.317   0.0793   0.0461   0.001   0.104   0.119   0.119   0.119     2    0    2    0         433         47        108        168  POST /admin/login HTTP/1.1
 1985    62.387   0.0314   0.0447   0.001   0.017   0.219   0.468   0.636  1982    0    3    0      426703          0        214        217  POST /user/<num>/reward HTTP/1.1
  726    22.248   0.0306   0.0439   0.001   0.017   0.217   0.372   0.372   726    0    0    0      153180        205        210        211  POST /user/<num>/card HTTP/1.1
  728    22.438   0.0308   0.0430   0.001   0.015   0.211   0.345   0.345   727    0    1    0     1109442         55       1523       5148  GET /user/<num>/item HTTP/1.1
 2757    60.855   0.0221   0.0325   0.000   0.011   0.170   0.320   0.348  2748    0    9    0     1068701          0        387        393  GET /user/<num>/home HTTP/1.1
    1     0.084   0.0840   0.0000   0.084   0.084   0.084   0.084   0.084     1    0    0    0       40718      40718      40718      40718  GET /admin/user/<num> HTTP/1.1
    1    20.551  20.5510   0.0000  20.551  20.551  20.551  20.551  20.551     1    0    0    0          18         18         18         18  POST /initialize HTTP/1.1
    1     0.011   0.0110   0.0000   0.011   0.011   0.011   0.011   0.011     1    0    0    0           0          0          0          0  DELETE /admin/logout HTTP/1.1
    1     0.005   0.0050   0.0000   0.005   0.005   0.005   0.005   0.005     1    0    0    0      118533     118533     118533     118533  GET /admin/master HTTP/1.1
    1     0.003   0.0030   0.0000   0.003   0.003   0.003   0.003   0.003     1    0    0    0          58         58         58         58  PUT /admin/master HTTP/1.1
    1     0.000   0.0000   0.0000   0.000   0.000   0.000   0.000   0.000     1    0    0    0         178        178        178        178  POST /admin/user/<num>/ban HTTP/1.1

Top 60 Sort By Maximum(100 Percentile)
Count     Total     Mean   Stddev     Min   P50.0   P99.0   P99.9     Max   2xx  3xx  4xx  5xx  TotalBytes   MinBytes  MeanBytes   MaxBytes  Request
    1    20.551  20.5510   0.0000  20.551  20.551  20.551  20.551  20.551     1    0    0    0          18         18         18         18  POST /initialize HTTP/1.1
  784   501.863   0.6401   0.6194   0.011   0.433   2.052   3.201   3.201   767    0   17    0     5555810          0       7086       7328  POST /user HTTP/1.1
 3463  1154.493   0.3334   0.3474   0.002   0.227   1.505   2.070   2.236  3417    0   46    0    17170313          0       4958      15390  POST /user/<num>/present/receive HTTP/1.1
 2665   604.991   0.2270   0.2727   0.000   0.123   1.212   1.520   1.753  1990    0  675    0     3005485          0       1127       3527  POST /login HTTP/1.1
 2677   393.301   0.1469   0.1786   0.001   0.080   0.781   1.119   1.263  2654    0   23    0     5519992          0       2062       2097  POST /user/<num>/gacha/draw/<num>/10 HTTP/1.1
 3475   338.193   0.0973   0.1313   0.001   0.042   0.590   0.835   0.986  3465    0   10    0    15591936          0       4486      13739  GET /user/<num>/present/index/<num> HTTP/1.1
 2690   113.264   0.0421   0.0593   0.000   0.022   0.295   0.562   0.699  2676    0   14    0    23183781          0       8618       8677  GET /user/<num>/gacha/index HTTP/1.1
 1985    62.387   0.0314   0.0447   0.001   0.017   0.219   0.468   0.636  1982    0    3    0      426703          0        214        217  POST /user/<num>/reward HTTP/1.1
  728    46.453   0.0638   0.0800   0.001   0.037   0.387   0.489   0.489   726    0    2    0      241142          0        331        336  POST /user/<num>/card/addexp/<num> HTTP/1.1
  726    22.248   0.0306   0.0439   0.001   0.017   0.217   0.372   0.372   726    0    0    0      153180        205        210        211  POST /user/<num>/card HTTP/1.1
 2757    60.855   0.0221   0.0325   0.000   0.011   0.170   0.320   0.348  2748    0    9    0     1068701          0        387        393  GET /user/<num>/home HTTP/1.1
  728    22.438   0.0308   0.0430   0.001   0.015   0.211   0.345   0.345   727    0    1    0     1109442         55       1523       5148  GET /user/<num>/item HTTP/1.1
    4     0.317   0.0793   0.0461   0.001   0.104   0.119   0.119   0.119     2    0    2    0         433         47        108        168  POST /admin/login HTTP/1.1
    1     0.084   0.0840   0.0000   0.084   0.084   0.084   0.084   0.084     1    0    0    0       40718      40718      40718      40718  GET /admin/user/<num> HTTP/1.1
    1     0.011   0.0110   0.0000   0.011   0.011   0.011   0.011   0.011     1    0    0    0           0          0          0          0  DELETE /admin/logout HTTP/1.1
    1     0.005   0.0050   0.0000   0.005   0.005   0.005   0.005   0.005     1    0    0    0      118533     118533     118533     118533  GET /admin/master HTTP/1.1
    1     0.003   0.0030   0.0000   0.003   0.003   0.003   0.003   0.003     1    0    0    0          58         58         58         58  PUT /admin/master HTTP/1.1
    1     0.000   0.0000   0.0000   0.000   0.000   0.000   0.000   0.000     1    0    0    0         178        178        178        178  POST /admin/user/<num>/ban HTTP/1.1

TOP 37 Slow Requests
 1  20.551  POST /initialize HTTP/1.1
 2   3.201  POST /user HTTP/1.1
 3   2.704  POST /user HTTP/1.1
 4   2.644  POST /user HTTP/1.1
 5   2.499  POST /user HTTP/1.1
 6   2.236  POST /user/9685556157/present/receive HTTP/1.1
 7   2.167  POST /user HTTP/1.1
 8   2.162  POST /user HTTP/1.1
 9   2.152  POST /user/2091543763/present/receive HTTP/1.1
10   2.105  POST /user HTTP/1.1
11   2.088  POST /user/3924338977/present/receive HTTP/1.1
12   2.070  POST /user/8203983314/present/receive HTTP/1.1
13   2.056  POST /user/9091671606/present/receive HTTP/1.1
14   2.052  POST /user HTTP/1.1
15   2.048  POST /user HTTP/1.1
16   2.038  POST /user HTTP/1.1
17   2.009  POST /user HTTP/1.1
18   2.007  POST /user HTTP/1.1
19   2.004  POST /user HTTP/1.1
20   2.004  POST /user HTTP/1.1
21   1.989  POST /user HTTP/1.1
22   1.989  POST /user HTTP/1.1
23   1.989  POST /user HTTP/1.1
24   1.985  POST /user HTTP/1.1
25   1.982  POST /user HTTP/1.1
26   1.962  POST /user HTTP/1.1
27   1.960  POST /user HTTP/1.1
28   1.958  POST /user HTTP/1.1
29   1.945  POST /user HTTP/1.1
30   1.942  POST /user HTTP/1.1
31   1.942  POST /user HTTP/1.1
32   1.941  POST /user HTTP/1.1
33   1.936  POST /user HTTP/1.1
34   1.935  POST /user HTTP/1.1
35   1.932  POST /user HTTP/1.1
36   1.931  POST /user HTTP/1.1
37   1.915  POST /user HTTP/1.1
