Top 60 Sort By Count
Count     Total     Mean   Stddev     Min   P50.0   P99.0   P99.9     Max   2xx  3xx  4xx  5xx  TotalBytes   MinBytes  MeanBytes   MaxBytes  Request
 4216   510.745   0.1211   0.1684   0.000   0.054   0.757   1.226   1.336  4194    0   22    0    18503946          0       4388      12777  GET /user/<num>/present/index/<num> HTTP/1.1
 4193  1538.117   0.3668   0.3713   0.004   0.256   1.618   2.270   2.635  4131    0   62    0    20383933          0       4861      14299  POST /user/<num>/present/receive HTTP/1.1
 3113    79.006   0.0254   0.0369   0.000   0.013   0.169   0.312   0.503  3103    0   10    0     1207423         42        387        393  GET /user/<num>/home HTTP/1.1
 3037   156.777   0.0516   0.0652   0.001   0.029   0.332   0.546   0.606  3028    0    9    0    26233179         55       8637       8677  GET /user/<num>/gacha/index HTTP/1.1
 3029   637.044   0.2103   0.2373   0.001   0.122   0.992   1.308   1.506  3001    0   28    0     6248018          0       2062       2097  POST /user/<num>/gacha/draw/<num>/10 HTTP/1.1
 2776   285.739   0.1029   0.1301   0.000   0.050   0.558   0.713   1.075  1960    0  816    0     3128355          0       1126       3527  POST /login HTTP/1.1
 1951    68.695   0.0352   0.0455   0.001   0.020   0.199   0.417   0.419  1950    0    1    0      419908         55        215        217  POST /user/<num>/reward HTTP/1.1
 1160   342.351   0.2951   0.3341   0.004   0.182   1.506   1.926   1.974  1153    0    7    0     8358996          0       7206       7328  POST /user HTTP/1.1
 1095    43.454   0.0397   0.0510   0.001   0.023   0.251   0.396   0.529  1092    0    3    0     1655654         55       1512       5003  GET /user/<num>/item HTTP/1.1
 1093    65.064   0.0595   0.0695   0.001   0.037   0.324   0.487   0.659  1088    0    5    0      361386          0        330        336  POST /user/<num>/card/addexp/<num> HTTP/1.1
 1088    41.305   0.0380   0.0534   0.001   0.020   0.277   0.481   0.587  1086    0    2    0      229193          0        210        211  POST /user/<num>/card HTTP/1.1
    4     0.265   0.0663   0.0383   0.001   0.091   0.096   0.096   0.096     2    0    2    0         433         47        108        168  POST /admin/login HTTP/1.1
    1     0.001   0.0010   0.0000   0.001   0.001   0.001   0.001   0.001     1    0    0    0          58         58         58         58  PUT /admin/master HTTP/1.1
    1     0.001   0.0010   0.0000   0.001   0.001   0.001   0.001   0.001     1    0    0    0         178        178        178        178  POST /admin/user/<num>/ban HTTP/1.1
    1     0.005   0.0050   0.0000   0.005   0.005   0.005   0.005   0.005     1    0    0    0      118532     118532     118532     118532  GET /admin/master HTTP/1.1
    1     0.085   0.0850   0.0000   0.085   0.085   0.085   0.085   0.085     1    0    0    0       41353      41353      41353      41353  GET /admin/user/<num> HTTP/1.1
    1     0.001   0.0010   0.0000   0.001   0.001   0.001   0.001   0.001     1    0    0    0           0          0          0          0  DELETE /admin/logout HTTP/1.1
    1    18.564  18.5640   0.0000  18.564  18.564  18.564  18.564  18.564     1    0    0    0          18         18         18         18  POST /initialize HTTP/1.1

Top 60 Sort By Total
Count     Total     Mean   Stddev     Min   P50.0   P99.0   P99.9     Max   2xx  3xx  4xx  5xx  TotalBytes   MinBytes  MeanBytes   MaxBytes  Request
 4193  1538.117   0.3668   0.3713   0.004   0.256   1.618   2.270   2.635  4131    0   62    0    20383933          0       4861      14299  POST /user/<num>/present/receive HTTP/1.1
 3029   637.044   0.2103   0.2373   0.001   0.122   0.992   1.308   1.506  3001    0   28    0     6248018          0       2062       2097  POST /user/<num>/gacha/draw/<num>/10 HTTP/1.1
 4216   510.745   0.1211   0.1684   0.000   0.054   0.757   1.226   1.336  4194    0   22    0    18503946          0       4388      12777  GET /user/<num>/present/index/<num> HTTP/1.1
 1160   342.351   0.2951   0.3341   0.004   0.182   1.506   1.926   1.974  1153    0    7    0     8358996          0       7206       7328  POST /user HTTP/1.1
 2776   285.739   0.1029   0.1301   0.000   0.050   0.558   0.713   1.075  1960    0  816    0     3128355          0       1126       3527  POST /login HTTP/1.1
 3037   156.777   0.0516   0.0652   0.001   0.029   0.332   0.546   0.606  3028    0    9    0    26233179         55       8637       8677  GET /user/<num>/gacha/index HTTP/1.1
 3113    79.006   0.0254   0.0369   0.000   0.013   0.169   0.312   0.503  3103    0   10    0     1207423         42        387        393  GET /user/<num>/home HTTP/1.1
 1951    68.695   0.0352   0.0455   0.001   0.020   0.199   0.417   0.419  1950    0    1    0      419908         55        215        217  POST /user/<num>/reward HTTP/1.1
 1093    65.064   0.0595   0.0695   0.001   0.037   0.324   0.487   0.659  1088    0    5    0      361386          0        330        336  POST /user/<num>/card/addexp/<num> HTTP/1.1
 1095    43.454   0.0397   0.0510   0.001   0.023   0.251   0.396   0.529  1092    0    3    0     1655654         55       1512       5003  GET /user/<num>/item HTTP/1.1
 1088    41.305   0.0380   0.0534   0.001   0.020   0.277   0.481   0.587  1086    0    2    0      229193          0        210        211  POST /user/<num>/card HTTP/1.1
    1    18.564  18.5640   0.0000  18.564  18.564  18.564  18.564  18.564     1    0    0    0          18         18         18         18  POST /initialize HTTP/1.1
    4     0.265   0.0663   0.0383   0.001   0.091   0.096   0.096   0.096     2    0    2    0         433         47        108        168  POST /admin/login HTTP/1.1
    1     0.085   0.0850   0.0000   0.085   0.085   0.085   0.085   0.085     1    0    0    0       41353      41353      41353      41353  GET /admin/user/<num> HTTP/1.1
    1     0.005   0.0050   0.0000   0.005   0.005   0.005   0.005   0.005     1    0    0    0      118532     118532     118532     118532  GET /admin/master HTTP/1.1
    1     0.001   0.0010   0.0000   0.001   0.001   0.001   0.001   0.001     1    0    0    0          58         58         58         58  PUT /admin/master HTTP/1.1
    1     0.001   0.0010   0.0000   0.001   0.001   0.001   0.001   0.001     1    0    0    0         178        178        178        178  POST /admin/user/<num>/ban HTTP/1.1
    1     0.001   0.0010   0.0000   0.001   0.001   0.001   0.001   0.001     1    0    0    0           0          0          0          0  DELETE /admin/logout HTTP/1.1

Top 60 Sort By Mean
Count     Total     Mean   Stddev     Min   P50.0   P99.0   P99.9     Max   2xx  3xx  4xx  5xx  TotalBytes   MinBytes  MeanBytes   MaxBytes  Request
    1    18.564  18.5640   0.0000  18.564  18.564  18.564  18.564  18.564     1    0    0    0          18         18         18         18  POST /initialize HTTP/1.1
 4193  1538.117   0.3668   0.3713   0.004   0.256   1.618   2.270   2.635  4131    0   62    0    20383933          0       4861      14299  POST /user/<num>/present/receive HTTP/1.1
 1160   342.351   0.2951   0.3341   0.004   0.182   1.506   1.926   1.974  1153    0    7    0     8358996          0       7206       7328  POST /user HTTP/1.1
 3029   637.044   0.2103   0.2373   0.001   0.122   0.992   1.308   1.506  3001    0   28    0     6248018          0       2062       2097  POST /user/<num>/gacha/draw/<num>/10 HTTP/1.1
 4216   510.745   0.1211   0.1684   0.000   0.054   0.757   1.226   1.336  4194    0   22    0    18503946          0       4388      12777  GET /user/<num>/present/index/<num> HTTP/1.1
 2776   285.739   0.1029   0.1301   0.000   0.050   0.558   0.713   1.075  1960    0  816    0     3128355          0       1126       3527  POST /login HTTP/1.1
    1     0.085   0.0850   0.0000   0.085   0.085   0.085   0.085   0.085     1    0    0    0       41353      41353      41353      41353  GET /admin/user/<num> HTTP/1.1
    4     0.265   0.0663   0.0383   0.001   0.091   0.096   0.096   0.096     2    0    2    0         433         47        108        168  POST /admin/login HTTP/1.1
 1093    65.064   0.0595   0.0695   0.001   0.037   0.324   0.487   0.659  1088    0    5    0      361386          0        330        336  POST /user/<num>/card/addexp/<num> HTTP/1.1
 3037   156.777   0.0516   0.0652   0.001   0.029   0.332   0.546   0.606  3028    0    9    0    26233179         55       8637       8677  GET /user/<num>/gacha/index HTTP/1.1
 1095    43.454   0.0397   0.0510   0.001   0.023   0.251   0.396   0.529  1092    0    3    0     1655654         55       1512       5003  GET /user/<num>/item HTTP/1.1
 1088    41.305   0.0380   0.0534   0.001   0.020   0.277   0.481   0.587  1086    0    2    0      229193          0        210        211  POST /user/<num>/card HTTP/1.1
 1951    68.695   0.0352   0.0455   0.001   0.020   0.199   0.417   0.419  1950    0    1    0      419908         55        215        217  POST /user/<num>/reward HTTP/1.1
 3113    79.006   0.0254   0.0369   0.000   0.013   0.169   0.312   0.503  3103    0   10    0     1207423         42        387        393  GET /user/<num>/home HTTP/1.1
    1     0.005   0.0050   0.0000   0.005   0.005   0.005   0.005   0.005     1    0    0    0      118532     118532     118532     118532  GET /admin/master HTTP/1.1
    1     0.001   0.0010   0.0000   0.001   0.001   0.001   0.001   0.001     1    0    0    0          58         58         58         58  PUT /admin/master HTTP/1.1
    1     0.001   0.0010   0.0000   0.001   0.001   0.001   0.001   0.001     1    0    0    0         178        178        178        178  POST /admin/user/<num>/ban HTTP/1.1
    1     0.001   0.0010   0.0000   0.001   0.001   0.001   0.001   0.001     1    0    0    0           0          0          0          0  DELETE /admin/logout HTTP/1.1

Top 60 Sort By Standard Deviation
Count     Total     Mean   Stddev     Min   P50.0   P99.0   P99.9     Max   2xx  3xx  4xx  5xx  TotalBytes   MinBytes  MeanBytes   MaxBytes  Request
 4193  1538.117   0.3668   0.3713   0.004   0.256   1.618   2.270   2.635  4131    0   62    0    20383933          0       4861      14299  POST /user/<num>/present/receive HTTP/1.1
 1160   342.351   0.2951   0.3341   0.004   0.182   1.506   1.926   1.974  1153    0    7    0     8358996          0       7206       7328  POST /user HTTP/1.1
 3029   637.044   0.2103   0.2373   0.001   0.122   0.992   1.308   1.506  3001    0   28    0     6248018          0       2062       2097  POST /user/<num>/gacha/draw/<num>/10 HTTP/1.1
 4216   510.745   0.1211   0.1684   0.000   0.054   0.757   1.226   1.336  4194    0   22    0    18503946          0       4388      12777  GET /user/<num>/present/index/<num> HTTP/1.1
 2776   285.739   0.1029   0.1301   0.000   0.050   0.558   0.713   1.075  1960    0  816    0     3128355          0       1126       3527  POST /login HTTP/1.1
 1093    65.064   0.0595   0.0695   0.001   0.037   0.324   0.487   0.659  1088    0    5    0      361386          0        330        336  POST /user/<num>/card/addexp/<num> HTTP/1.1
 3037   156.777   0.0516   0.0652   0.001   0.029   0.332   0.546   0.606  3028    0    9    0    26233179         55       8637       8677  GET /user/<num>/gacha/index HTTP/1.1
 1088    41.305   0.0380   0.0534   0.001   0.020   0.277   0.481   0.587  1086    0    2    0      229193          0        210        211  POST /user/<num>/card HTTP/1.1
 1095    43.454   0.0397   0.0510   0.001   0.023   0.251   0.396   0.529  1092    0    3    0     1655654         55       1512       5003  GET /user/<num>/item HTTP/1.1
 1951    68.695   0.0352   0.0455   0.001   0.020   0.199   0.417   0.419  1950    0    1    0      419908         55        215        217  POST /user/<num>/reward HTTP/1.1
    4     0.265   0.0663   0.0383   0.001   0.091   0.096   0.096   0.096     2    0    2    0         433         47        108        168  POST /admin/login HTTP/1.1
 3113    79.006   0.0254   0.0369   0.000   0.013   0.169   0.312   0.503  3103    0   10    0     1207423         42        387        393  GET /user/<num>/home HTTP/1.1
    1     0.085   0.0850   0.0000   0.085   0.085   0.085   0.085   0.085     1    0    0    0       41353      41353      41353      41353  GET /admin/user/<num> HTTP/1.1
    1    18.564  18.5640   0.0000  18.564  18.564  18.564  18.564  18.564     1    0    0    0          18         18         18         18  POST /initialize HTTP/1.1
    1     0.005   0.0050   0.0000   0.005   0.005   0.005   0.005   0.005     1    0    0    0      118532     118532     118532     118532  GET /admin/master HTTP/1.1
    1     0.001   0.0010   0.0000   0.001   0.001   0.001   0.001   0.001     1    0    0    0          58         58         58         58  PUT /admin/master HTTP/1.1
    1     0.001   0.0010   0.0000   0.001   0.001   0.001   0.001   0.001     1    0    0    0         178        178        178        178  POST /admin/user/<num>/ban HTTP/1.1
    1     0.001   0.0010   0.0000   0.001   0.001   0.001   0.001   0.001     1    0    0    0           0          0          0          0  DELETE /admin/logout HTTP/1.1

Top 60 Sort By Maximum(100 Percentile)
Count     Total     Mean   Stddev     Min   P50.0   P99.0   P99.9     Max   2xx  3xx  4xx  5xx  TotalBytes   MinBytes  MeanBytes   MaxBytes  Request
    1    18.564  18.5640   0.0000  18.564  18.564  18.564  18.564  18.564     1    0    0    0          18         18         18         18  POST /initialize HTTP/1.1
 4193  1538.117   0.3668   0.3713   0.004   0.256   1.618   2.270   2.635  4131    0   62    0    20383933          0       4861      14299  POST /user/<num>/present/receive HTTP/1.1
 1160   342.351   0.2951   0.3341   0.004   0.182   1.506   1.926   1.974  1153    0    7    0     8358996          0       7206       7328  POST /user HTTP/1.1
 3029   637.044   0.2103   0.2373   0.001   0.122   0.992   1.308   1.506  3001    0   28    0     6248018          0       2062       2097  POST /user/<num>/gacha/draw/<num>/10 HTTP/1.1
 4216   510.745   0.1211   0.1684   0.000   0.054   0.757   1.226   1.336  4194    0   22    0    18503946          0       4388      12777  GET /user/<num>/present/index/<num> HTTP/1.1
 2776   285.739   0.1029   0.1301   0.000   0.050   0.558   0.713   1.075  1960    0  816    0     3128355          0       1126       3527  POST /login HTTP/1.1
 1093    65.064   0.0595   0.0695   0.001   0.037   0.324   0.487   0.659  1088    0    5    0      361386          0        330        336  POST /user/<num>/card/addexp/<num> HTTP/1.1
 3037   156.777   0.0516   0.0652   0.001   0.029   0.332   0.546   0.606  3028    0    9    0    26233179         55       8637       8677  GET /user/<num>/gacha/index HTTP/1.1
 1088    41.305   0.0380   0.0534   0.001   0.020   0.277   0.481   0.587  1086    0    2    0      229193          0        210        211  POST /user/<num>/card HTTP/1.1
 1095    43.454   0.0397   0.0510   0.001   0.023   0.251   0.396   0.529  1092    0    3    0     1655654         55       1512       5003  GET /user/<num>/item HTTP/1.1
 3113    79.006   0.0254   0.0369   0.000   0.013   0.169   0.312   0.503  3103    0   10    0     1207423         42        387        393  GET /user/<num>/home HTTP/1.1
 1951    68.695   0.0352   0.0455   0.001   0.020   0.199   0.417   0.419  1950    0    1    0      419908         55        215        217  POST /user/<num>/reward HTTP/1.1
    4     0.265   0.0663   0.0383   0.001   0.091   0.096   0.096   0.096     2    0    2    0         433         47        108        168  POST /admin/login HTTP/1.1
    1     0.085   0.0850   0.0000   0.085   0.085   0.085   0.085   0.085     1    0    0    0       41353      41353      41353      41353  GET /admin/user/<num> HTTP/1.1
    1     0.005   0.0050   0.0000   0.005   0.005   0.005   0.005   0.005     1    0    0    0      118532     118532     118532     118532  GET /admin/master HTTP/1.1
    1     0.001   0.0010   0.0000   0.001   0.001   0.001   0.001   0.001     1    0    0    0          58         58         58         58  PUT /admin/master HTTP/1.1
    1     0.001   0.0010   0.0000   0.001   0.001   0.001   0.001   0.001     1    0    0    0         178        178        178        178  POST /admin/user/<num>/ban HTTP/1.1
    1     0.001   0.0010   0.0000   0.001   0.001   0.001   0.001   0.001     1    0    0    0           0          0          0          0  DELETE /admin/logout HTTP/1.1

TOP 37 Slow Requests
 1  18.564  POST /initialize HTTP/1.1
 2   2.635  POST /user/8945770111/present/receive HTTP/1.1
 3   2.491  POST /user/2661825018/present/receive HTTP/1.1
 4   2.444  POST /user/8413381351/present/receive HTTP/1.1
 5   2.369  POST /user/3710762860/present/receive HTTP/1.1
 6   2.270  POST /user/3614186109/present/receive HTTP/1.1
 7   2.263  POST /user/4636118502/present/receive HTTP/1.1
 8   2.255  POST /user/5738034972/present/receive HTTP/1.1
 9   2.196  POST /user/3858804062/present/receive HTTP/1.1
10   1.986  POST /user/8058385970/present/receive HTTP/1.1
11   1.984  POST /user/1248321502/present/receive HTTP/1.1
12   1.974  POST /user HTTP/1.1
13   1.960  POST /user/2579984679/present/receive HTTP/1.1
14   1.946  POST /user/9545216569/present/receive HTTP/1.1
15   1.938  POST /user/1486971199/present/receive HTTP/1.1
16   1.931  POST /user/7725612053/present/receive HTTP/1.1
17   1.926  POST /user HTTP/1.1
18   1.907  POST /user/4111678353/present/receive HTTP/1.1
19   1.907  POST /user HTTP/1.1
20   1.901  POST /user/8362772452/present/receive HTTP/1.1
21   1.882  POST /user/8578661958/present/receive HTTP/1.1
22   1.857  POST /user/7309938185/present/receive HTTP/1.1
23   1.844  POST /user/5557721752/present/receive HTTP/1.1
24   1.841  POST /user/1594192114/present/receive HTTP/1.1
25   1.839  POST /user/100000001092/present/receive HTTP/1.1
26   1.829  POST /user/5966341544/present/receive HTTP/1.1
27   1.789  POST /user/3129187119/present/receive HTTP/1.1
28   1.760  POST /user/3055689262/present/receive HTTP/1.1
29   1.742  POST /user/9030911329/present/receive HTTP/1.1
30   1.736  POST /user/9038216397/present/receive HTTP/1.1
31   1.735  POST /user/5270520025/present/receive HTTP/1.1
32   1.710  POST /user/490308097/present/receive HTTP/1.1
33   1.710  POST /user/596605249/present/receive HTTP/1.1
34   1.704  POST /user/3635780500/present/receive HTTP/1.1
35   1.700  POST /user/100000001011/present/receive HTTP/1.1
36   1.687  POST /user HTTP/1.1
37   1.667  POST /user/4839423713/present/receive HTTP/1.1
