Top 60 Sort By Count
Count    Total     Mean   Stddev     Min   P50.0   P99.0   P99.9     Max  2xx  3xx  4xx  5xx  TotalBytes   MinBytes  MeanBytes   MaxBytes  Request
  816  589.605   0.7226   1.4118   0.000   0.138   5.776   7.987   7.987  518    0  293    5      792563          0        971       3422  POST /login HTTP/1.1
  634   22.257   0.0351   0.0511   0.001   0.017   0.267   0.378   0.378  633    0    1    0     2874649         31       4534      14023  GET /user/<num>/present/index/<num> HTTP/1.1
  632  239.573   0.3791   0.4098   0.024   0.238   2.018   2.609   2.609  616    0   16    0     3114763          0       4928      15721  POST /user/<num>/present/receive HTTP/1.1
  585    4.140   0.0071   0.0073   0.000   0.005   0.045   0.060   0.060  570    0   15    0      219340         42        374        391  GET /user/<num>/home HTTP/1.1
  552   43.375   0.0786   0.0988   0.006   0.049   0.470   1.084   1.084  549    0    3    0     4757982          0       8619       8677  GET /user/<num>/gacha/index HTTP/1.1
  550  375.159   0.6821   0.7247   0.001   0.369   2.993   3.179   3.179  538    0   12    0     1067803          0       1941       2137  POST /user/<num>/gacha/draw/<num>/10 HTTP/1.1
  505    6.544   0.0130   0.0100   0.004   0.010   0.058   0.077   0.077  505    0    0    0      108704        213        215        217  POST /user/<num>/reward HTTP/1.1
   80  145.104   1.8138   2.5411   0.148   0.551  10.000  10.000  10.000   67    0   13    0      443241          0       5540       6789  POST /user HTTP/1.1
   66    1.011   0.0153   0.0097   0.003   0.013   0.056   0.056   0.056   65    0    1    0       19811         46        300        332  POST /user/<num>/card/addexp/<num> HTTP/1.1
   65    2.028   0.0312   0.0425   0.006   0.013   0.222   0.222   0.222   65    0    0    0       92893       1042       1429       4855  GET /user/<num>/item HTTP/1.1
   65    1.929   0.0297   0.0359   0.006   0.012   0.152   0.152   0.152   65    0    0    0       11338        171        174        198  POST /user/<num>/card HTTP/1.1
    4    0.306   0.0765   0.0453   0.001   0.096   0.121   0.121   0.121    2    0    2    0         418         47        104        161  POST /admin/login HTTP/1.1
    1    0.007   0.0070   0.0000   0.007   0.007   0.007   0.007   0.007    1    0    0    0       41267      41267      41267      41267  GET /admin/user/<num> HTTP/1.1
    1    0.009   0.0090   0.0000   0.009   0.009   0.009   0.009   0.009    1    0    0    0          58         58         58         58  PUT /admin/master HTTP/1.1
    1    0.017   0.0170   0.0000   0.017   0.017   0.017   0.017   0.017    1    0    0    0           0          0          0          0  DELETE /admin/logout HTTP/1.1
    1    0.009   0.0090   0.0000   0.009   0.009   0.009   0.009   0.009    1    0    0    0         178        178        178        178  POST /admin/user/<num>/ban HTTP/1.1
    1    0.006   0.0060   0.0000   0.006   0.006   0.006   0.006   0.006    1    0    0    0      118563     118563     118563     118563  GET /admin/master HTTP/1.1
    1   32.961  32.9610   0.0000  32.961  32.961  32.961  32.961  32.961    1    0    0    0          18         18         18         18  POST /initialize HTTP/1.1

Top 60 Sort By Total
Count    Total     Mean   Stddev     Min   P50.0   P99.0   P99.9     Max  2xx  3xx  4xx  5xx  TotalBytes   MinBytes  MeanBytes   MaxBytes  Request
  816  589.605   0.7226   1.4118   0.000   0.138   5.776   7.987   7.987  518    0  293    5      792563          0        971       3422  POST /login HTTP/1.1
  550  375.159   0.6821   0.7247   0.001   0.369   2.993   3.179   3.179  538    0   12    0     1067803          0       1941       2137  POST /user/<num>/gacha/draw/<num>/10 HTTP/1.1
  632  239.573   0.3791   0.4098   0.024   0.238   2.018   2.609   2.609  616    0   16    0     3114763          0       4928      15721  POST /user/<num>/present/receive HTTP/1.1
   80  145.104   1.8138   2.5411   0.148   0.551  10.000  10.000  10.000   67    0   13    0      443241          0       5540       6789  POST /user HTTP/1.1
  552   43.375   0.0786   0.0988   0.006   0.049   0.470   1.084   1.084  549    0    3    0     4757982          0       8619       8677  GET /user/<num>/gacha/index HTTP/1.1
    1   32.961  32.9610   0.0000  32.961  32.961  32.961  32.961  32.961    1    0    0    0          18         18         18         18  POST /initialize HTTP/1.1
  634   22.257   0.0351   0.0511   0.001   0.017   0.267   0.378   0.378  633    0    1    0     2874649         31       4534      14023  GET /user/<num>/present/index/<num> HTTP/1.1
  505    6.544   0.0130   0.0100   0.004   0.010   0.058   0.077   0.077  505    0    0    0      108704        213        215        217  POST /user/<num>/reward HTTP/1.1
  585    4.140   0.0071   0.0073   0.000   0.005   0.045   0.060   0.060  570    0   15    0      219340         42        374        391  GET /user/<num>/home HTTP/1.1
   65    2.028   0.0312   0.0425   0.006   0.013   0.222   0.222   0.222   65    0    0    0       92893       1042       1429       4855  GET /user/<num>/item HTTP/1.1
   65    1.929   0.0297   0.0359   0.006   0.012   0.152   0.152   0.152   65    0    0    0       11338        171        174        198  POST /user/<num>/card HTTP/1.1
   66    1.011   0.0153   0.0097   0.003   0.013   0.056   0.056   0.056   65    0    1    0       19811         46        300        332  POST /user/<num>/card/addexp/<num> HTTP/1.1
    4    0.306   0.0765   0.0453   0.001   0.096   0.121   0.121   0.121    2    0    2    0         418         47        104        161  POST /admin/login HTTP/1.1
    1    0.017   0.0170   0.0000   0.017   0.017   0.017   0.017   0.017    1    0    0    0           0          0          0          0  DELETE /admin/logout HTTP/1.1
    1    0.009   0.0090   0.0000   0.009   0.009   0.009   0.009   0.009    1    0    0    0          58         58         58         58  PUT /admin/master HTTP/1.1
    1    0.009   0.0090   0.0000   0.009   0.009   0.009   0.009   0.009    1    0    0    0         178        178        178        178  POST /admin/user/<num>/ban HTTP/1.1
    1    0.007   0.0070   0.0000   0.007   0.007   0.007   0.007   0.007    1    0    0    0       41267      41267      41267      41267  GET /admin/user/<num> HTTP/1.1
    1    0.006   0.0060   0.0000   0.006   0.006   0.006   0.006   0.006    1    0    0    0      118563     118563     118563     118563  GET /admin/master HTTP/1.1

Top 60 Sort By Mean
Count    Total     Mean   Stddev     Min   P50.0   P99.0   P99.9     Max  2xx  3xx  4xx  5xx  TotalBytes   MinBytes  MeanBytes   MaxBytes  Request
    1   32.961  32.9610   0.0000  32.961  32.961  32.961  32.961  32.961    1    0    0    0          18         18         18         18  POST /initialize HTTP/1.1
   80  145.104   1.8138   2.5411   0.148   0.551  10.000  10.000  10.000   67    0   13    0      443241          0       5540       6789  POST /user HTTP/1.1
  816  589.605   0.7226   1.4118   0.000   0.138   5.776   7.987   7.987  518    0  293    5      792563          0        971       3422  POST /login HTTP/1.1
  550  375.159   0.6821   0.7247   0.001   0.369   2.993   3.179   3.179  538    0   12    0     1067803          0       1941       2137  POST /user/<num>/gacha/draw/<num>/10 HTTP/1.1
  632  239.573   0.3791   0.4098   0.024   0.238   2.018   2.609   2.609  616    0   16    0     3114763          0       4928      15721  POST /user/<num>/present/receive HTTP/1.1
  552   43.375   0.0786   0.0988   0.006   0.049   0.470   1.084   1.084  549    0    3    0     4757982          0       8619       8677  GET /user/<num>/gacha/index HTTP/1.1
    4    0.306   0.0765   0.0453   0.001   0.096   0.121   0.121   0.121    2    0    2    0         418         47        104        161  POST /admin/login HTTP/1.1
  634   22.257   0.0351   0.0511   0.001   0.017   0.267   0.378   0.378  633    0    1    0     2874649         31       4534      14023  GET /user/<num>/present/index/<num> HTTP/1.1
   65    2.028   0.0312   0.0425   0.006   0.013   0.222   0.222   0.222   65    0    0    0       92893       1042       1429       4855  GET /user/<num>/item HTTP/1.1
   65    1.929   0.0297   0.0359   0.006   0.012   0.152   0.152   0.152   65    0    0    0       11338        171        174        198  POST /user/<num>/card HTTP/1.1
    1    0.017   0.0170   0.0000   0.017   0.017   0.017   0.017   0.017    1    0    0    0           0          0          0          0  DELETE /admin/logout HTTP/1.1
   66    1.011   0.0153   0.0097   0.003   0.013   0.056   0.056   0.056   65    0    1    0       19811         46        300        332  POST /user/<num>/card/addexp/<num> HTTP/1.1
  505    6.544   0.0130   0.0100   0.004   0.010   0.058   0.077   0.077  505    0    0    0      108704        213        215        217  POST /user/<num>/reward HTTP/1.1
    1    0.009   0.0090   0.0000   0.009   0.009   0.009   0.009   0.009    1    0    0    0          58         58         58         58  PUT /admin/master HTTP/1.1
    1    0.009   0.0090   0.0000   0.009   0.009   0.009   0.009   0.009    1    0    0    0         178        178        178        178  POST /admin/user/<num>/ban HTTP/1.1
  585    4.140   0.0071   0.0073   0.000   0.005   0.045   0.060   0.060  570    0   15    0      219340         42        374        391  GET /user/<num>/home HTTP/1.1
    1    0.007   0.0070   0.0000   0.007   0.007   0.007   0.007   0.007    1    0    0    0       41267      41267      41267      41267  GET /admin/user/<num> HTTP/1.1
    1    0.006   0.0060   0.0000   0.006   0.006   0.006   0.006   0.006    1    0    0    0      118563     118563     118563     118563  GET /admin/master HTTP/1.1

Top 60 Sort By Standard Deviation
Count    Total     Mean   Stddev     Min   P50.0   P99.0   P99.9     Max  2xx  3xx  4xx  5xx  TotalBytes   MinBytes  MeanBytes   MaxBytes  Request
   80  145.104   1.8138   2.5411   0.148   0.551  10.000  10.000  10.000   67    0   13    0      443241          0       5540       6789  POST /user HTTP/1.1
  816  589.605   0.7226   1.4118   0.000   0.138   5.776   7.987   7.987  518    0  293    5      792563          0        971       3422  POST /login HTTP/1.1
  550  375.159   0.6821   0.7247   0.001   0.369   2.993   3.179   3.179  538    0   12    0     1067803          0       1941       2137  POST /user/<num>/gacha/draw/<num>/10 HTTP/1.1
  632  239.573   0.3791   0.4098   0.024   0.238   2.018   2.609   2.609  616    0   16    0     3114763          0       4928      15721  POST /user/<num>/present/receive HTTP/1.1
  552   43.375   0.0786   0.0988   0.006   0.049   0.470   1.084   1.084  549    0    3    0     4757982          0       8619       8677  GET /user/<num>/gacha/index HTTP/1.1
  634   22.257   0.0351   0.0511   0.001   0.017   0.267   0.378   0.378  633    0    1    0     2874649         31       4534      14023  GET /user/<num>/present/index/<num> HTTP/1.1
    4    0.306   0.0765   0.0453   0.001   0.096   0.121   0.121   0.121    2    0    2    0         418         47        104        161  POST /admin/login HTTP/1.1
   65    2.028   0.0312   0.0425   0.006   0.013   0.222   0.222   0.222   65    0    0    0       92893       1042       1429       4855  GET /user/<num>/item HTTP/1.1
   65    1.929   0.0297   0.0359   0.006   0.012   0.152   0.152   0.152   65    0    0    0       11338        171        174        198  POST /user/<num>/card HTTP/1.1
  505    6.544   0.0130   0.0100   0.004   0.010   0.058   0.077   0.077  505    0    0    0      108704        213        215        217  POST /user/<num>/reward HTTP/1.1
   66    1.011   0.0153   0.0097   0.003   0.013   0.056   0.056   0.056   65    0    1    0       19811         46        300        332  POST /user/<num>/card/addexp/<num> HTTP/1.1
  585    4.140   0.0071   0.0073   0.000   0.005   0.045   0.060   0.060  570    0   15    0      219340         42        374        391  GET /user/<num>/home HTTP/1.1
    1   32.961  32.9610   0.0000  32.961  32.961  32.961  32.961  32.961    1    0    0    0          18         18         18         18  POST /initialize HTTP/1.1
    1    0.017   0.0170   0.0000   0.017   0.017   0.017   0.017   0.017    1    0    0    0           0          0          0          0  DELETE /admin/logout HTTP/1.1
    1    0.009   0.0090   0.0000   0.009   0.009   0.009   0.009   0.009    1    0    0    0          58         58         58         58  PUT /admin/master HTTP/1.1
    1    0.009   0.0090   0.0000   0.009   0.009   0.009   0.009   0.009    1    0    0    0         178        178        178        178  POST /admin/user/<num>/ban HTTP/1.1
    1    0.007   0.0070   0.0000   0.007   0.007   0.007   0.007   0.007    1    0    0    0       41267      41267      41267      41267  GET /admin/user/<num> HTTP/1.1
    1    0.006   0.0060   0.0000   0.006   0.006   0.006   0.006   0.006    1    0    0    0      118563     118563     118563     118563  GET /admin/master HTTP/1.1

Top 60 Sort By Maximum(100 Percentile)
Count    Total     Mean   Stddev     Min   P50.0   P99.0   P99.9     Max  2xx  3xx  4xx  5xx  TotalBytes   MinBytes  MeanBytes   MaxBytes  Request
    1   32.961  32.9610   0.0000  32.961  32.961  32.961  32.961  32.961    1    0    0    0          18         18         18         18  POST /initialize HTTP/1.1
   80  145.104   1.8138   2.5411   0.148   0.551  10.000  10.000  10.000   67    0   13    0      443241          0       5540       6789  POST /user HTTP/1.1
  816  589.605   0.7226   1.4118   0.000   0.138   5.776   7.987   7.987  518    0  293    5      792563          0        971       3422  POST /login HTTP/1.1
  550  375.159   0.6821   0.7247   0.001   0.369   2.993   3.179   3.179  538    0   12    0     1067803          0       1941       2137  POST /user/<num>/gacha/draw/<num>/10 HTTP/1.1
  632  239.573   0.3791   0.4098   0.024   0.238   2.018   2.609   2.609  616    0   16    0     3114763          0       4928      15721  POST /user/<num>/present/receive HTTP/1.1
  552   43.375   0.0786   0.0988   0.006   0.049   0.470   1.084   1.084  549    0    3    0     4757982          0       8619       8677  GET /user/<num>/gacha/index HTTP/1.1
  634   22.257   0.0351   0.0511   0.001   0.017   0.267   0.378   0.378  633    0    1    0     2874649         31       4534      14023  GET /user/<num>/present/index/<num> HTTP/1.1
   65    2.028   0.0312   0.0425   0.006   0.013   0.222   0.222   0.222   65    0    0    0       92893       1042       1429       4855  GET /user/<num>/item HTTP/1.1
   65    1.929   0.0297   0.0359   0.006   0.012   0.152   0.152   0.152   65    0    0    0       11338        171        174        198  POST /user/<num>/card HTTP/1.1
    4    0.306   0.0765   0.0453   0.001   0.096   0.121   0.121   0.121    2    0    2    0         418         47        104        161  POST /admin/login HTTP/1.1
  505    6.544   0.0130   0.0100   0.004   0.010   0.058   0.077   0.077  505    0    0    0      108704        213        215        217  POST /user/<num>/reward HTTP/1.1
  585    4.140   0.0071   0.0073   0.000   0.005   0.045   0.060   0.060  570    0   15    0      219340         42        374        391  GET /user/<num>/home HTTP/1.1
   66    1.011   0.0153   0.0097   0.003   0.013   0.056   0.056   0.056   65    0    1    0       19811         46        300        332  POST /user/<num>/card/addexp/<num> HTTP/1.1
    1    0.017   0.0170   0.0000   0.017   0.017   0.017   0.017   0.017    1    0    0    0           0          0          0          0  DELETE /admin/logout HTTP/1.1
    1    0.009   0.0090   0.0000   0.009   0.009   0.009   0.009   0.009    1    0    0    0          58         58         58         58  PUT /admin/master HTTP/1.1
    1    0.009   0.0090   0.0000   0.009   0.009   0.009   0.009   0.009    1    0    0    0         178        178        178        178  POST /admin/user/<num>/ban HTTP/1.1
    1    0.007   0.0070   0.0000   0.007   0.007   0.007   0.007   0.007    1    0    0    0       41267      41267      41267      41267  GET /admin/user/<num> HTTP/1.1
    1    0.006   0.0060   0.0000   0.006   0.006   0.006   0.006   0.006    1    0    0    0      118563     118563     118563     118563  GET /admin/master HTTP/1.1

TOP 37 Slow Requests
 1  32.961  POST /initialize HTTP/1.1
 2  10.000  POST /user HTTP/1.1
 3   9.999  POST /user HTTP/1.1
 4   9.999  POST /user HTTP/1.1
 5   9.999  POST /user HTTP/1.1
 6   7.987  POST /login HTTP/1.1
 7   7.962  POST /login HTTP/1.1
 8   7.141  POST /login HTTP/1.1
 9   6.831  POST /user HTTP/1.1
10   6.712  POST /user HTTP/1.1
11   6.696  POST /login HTTP/1.1
12   6.583  POST /user HTTP/1.1
13   6.444  POST /user HTTP/1.1
14   6.273  POST /user HTTP/1.1
15   6.216  POST /login HTTP/1.1
16   6.095  POST /login HTTP/1.1
17   6.039  POST /login HTTP/1.1
18   5.980  POST /login HTTP/1.1
19   5.776  POST /login HTTP/1.1
20   5.768  POST /login HTTP/1.1
21   5.647  POST /login HTTP/1.1
22   5.647  POST /login HTTP/1.1
23   5.597  POST /login HTTP/1.1
24   5.571  POST /login HTTP/1.1
25   5.555  POST /login HTTP/1.1
26   5.546  POST /login HTTP/1.1
27   5.537  POST /login HTTP/1.1
28   5.510  POST /login HTTP/1.1
29   5.486  POST /login HTTP/1.1
30   5.470  POST /login HTTP/1.1
31   5.444  POST /login HTTP/1.1
32   5.430  POST /login HTTP/1.1
33   5.412  POST /login HTTP/1.1
34   5.367  POST /login HTTP/1.1
35   5.365  POST /login HTTP/1.1
36   5.362  POST /login HTTP/1.1
37   5.344  POST /login HTTP/1.1
